;Exported by: Martin
;Date:        Fri Jul 04 08:56:08 2014
;File:        D:\work in progress\Call to Arms\Animation\Dog\Dog_Animation08.max
{Skeleton
	{animation
		{sequence "run" {speed 0.6}}
		{sequence "walk" {speed 0.6}}
		{sequence "death" {speed 0.6}}
		{sequence "passive" {speed 0.6}}
		{sequence "idle" {speed 0.6}}
		{sequence "idle2" {speed 0.6}}
		{sequence "passive2" {speed 0.6}}
		{sequence "eat" {speed 0.6}}
	}
	{bone "basis"
		{Orientation
			1	0	0
			0	-1	0
			0	0	1
		}
		{bone "dog_contrl_main"
			{Position 0	0	0}
			{bone "dog_contrl_foot_r_back"
				{Position -7.85908	-1.12636	0.594909}
				{bone "ik_chain025"
					{Position -0.000742912	0.000475407	-0.00056237}
					{bone "ik_chain021"
						{Position 1.52736	-0.0181615	-0.446493}
					}
				}
			}
			{bone "dog_contrl_foot_r_back001"
				{Position -7.85908	1.12636	0.594909}
				{bone "ik_chain026"
					{Position 1.52662	0.0170478	-0.447056}
				}
				{bone "ik_chain027"
					{Position -0.000783443	-0.000984192	-0.000688016}
				}
			}
			{bone "dog_contrl_foot_r_front"
				{Position 4.23144	-1.71377	0.565293}
				{bone "ik_chain037"
					{Position 1.19356	-0.0153407	-0.374987}
				}
				{bone "ik_chain038"
					{Position 0.00259066	-0.000932932	-0.000293076}
				}
			}
			{bone "dog_contrl_foot_r_front001"
				{Position 4.23144	1.71377	0.565293}
				{bone "ik_chain035"
					{Position 1.18866	0.0143281	-0.374306}
				}
				{bone "ik_chain039"
					{Position -0.00242186	-0.00211966	-0.000143588}
				}
			}
			{bone "dog_contrl_body"
				{Position 0.243468	0.00369367	0}
				{bone "dog_pole_vector_r_front002"
					{Position 10.6153	1.78574	6.79826}
				}
				{bone "dog_pole_vector_r_front1"
					{Position 10.6153	-1.79313	6.79826}
				}
				{bone "dog_pole_vector_r_back1"
					{Position -14.7046	-1.16332	8.04233}
				}
				{bone "dog_pole_vector_r_back002"
					{Position -14.7046	1.15593	8.04233}
				}
				{bone "dog_contrl_spine"
					{Position 0.00143865	-0.00369356	10.6739}
					{bone "ik_chain031"
						{Position -1.1614	-0.000993645	-0.0463486}
					}
					{bone "ik_chain030"
						{Position 1.19303	-7.86921e-005	0.0810499}
					}
				}
				{bone "dog_contrl_hip"
					{Position -4.09003	-0.00391528	11.1755}
					{bone "dog_point001"
						{Position -2.41798	-0.000134468	-0.164609}
						{bone "dog_contrl_tail1"
							{Matrix34
								1	0	0
								0	0.999222	0.0394486
								0	-0.0394486	0.999222
								-1.11396	0.147838	-2.71778
							}
							{bone "dog_contrl_tail2"
								{Matrix34
									1	0	0
									0	0.997682	0.0680545
									0	-0.0680545	0.997682
									-1.01969	-0.119108	-2.05366
								}
								{bone "dog_contrl_tail3"
									{Position -1.54727	-0.125153	-1.41007}
									{bone "ik_chain017"
										{Position 0	0	0}
									}
								}
								{bone "ik_chain016"
									{Position 0	0	0}
								}
							}
							{bone "ik_chain015"
								{Position 0	0	0}
							}
						}
					}
					{bone "dog_contrl_leg_r_back001"
						{Position -1.66134	1.43862	-2.89532}
						{bone "ik_chain028"
							{Position 0.799218	0.261397	-1.96536}
						}
						{bone "ik_chain029"
							{Position -0.639339	-0.332536	1.50576}
						}
					}
					{bone "dog_contrl_leg_r_back"
						{Position -1.66134	-1.43818	-2.89532}
						{bone "ik_chain023"
							{Position 0.799219	-0.262037	-1.96536}
						}
						{bone "ik_chain024"
							{Position -0.63934	0.331895	1.50576}
						}
					}
					{bone "ik_chain032"
						{Position 0.000341177	0.00032176	0.000212669}
					}
				}
				{bone "dog_contrl_shoulder"
					{Position 3.87564	-0.00369355	11.6595}
					{bone "dog_contrl_leg_r_front001"
						{Position 1.3853	1.32777	-1.57152}
						{bone "ik_chain033"
							{Position -0.156703	0.463573	-0.99977}
						}
					}
					{bone "dog_contrl_leg_r_front"
						{Position 1.3853	-1.32777	-1.57152}
						{bone "ik_chain034"
							{Position -0.156713	-0.463567	-0.999765}
						}
					}
					{bone "dog_contrl_neck"
						{Matrix34
							0.99969	0	0.024901
							0	1	0
							-0.024901	0	0.99969
							1.4133	-9.67979e-005	0.0802784
						}
						{bone "dog_contrl_head"
							{Matrix34
								0.998998	0	-0.0447542
								0	1	0
								0.0447542	0	0.998998
								2.31205	3.86238e-005	3.62405
							}
							{bone "dog_contrl_ear_r"
								{Matrix34
									0.999903	0	-0.0139142
									0	1	0
									0.0139142	0	0.999903
									-0.313249	-0.915651	0.267556
								}
							}
							{bone "dog_contrl_ear_r001"
								{Matrix34
									0.999903	0	-0.013914
									0	1	0
									0.013914	0	0.999903
									-0.313251	0.91576	0.26756
								}
							}
							{bone "dog_contrl_nose"
								{Matrix34
									0.993396	0	0.114733
									0	1	0
									-0.114733	0	0.993396
									-0.011991	-4.20104e-005	-1.34938
								}
								{bone "dog_contrl_tongue"
									{Matrix34
										0.99566	0	-0.093066
										0	1	0
										0.093066	0	0.99566
										2.59748	0	-1.34984
									}
								}
							}
						}
					}
				}
			}
		}
		{bone "dog_root_bone"
			{Orientation
				0.0787224	0	0.996897
				0	1	0
				-0.996897	0	0.0787224
			}
			{bone "dog_spine_root_bone"
				{Matrix34
					-0.03218	0	0.999482
					-0.999482	1.3467e-005	-0.03218
					-1.35608e-005	-1	0
					11.44	-7.30978e-005	-3.68758
				}
				{bone "dog_spine01_bone"
					{Matrix34
						0.98237	0.186948	0
						-0.186949	0.98237	1.80302e-005
						0	-1.77454e-005	1
						0.464575	0	0
					}
					{bone "dog_spine02_bone"
						{Matrix34
							0.996254	-0.0864737	0.000391024
							0.0864734	0.996254	1.10859e-005
							-0.000390462	2.30023e-005	1
							2.68002	3.71933e-005	0
						}
						{bone "dog_spine03_bone"
							{Matrix34
								0.971792	-0.235838	-0.000731853
								0.235838	0.971793	-6.71146e-005
								0.000727073	-0.00010714	1
								2.35788	0	0
							}
							{bone "dog_spine04_bone"
								{Matrix34
									1	-3.25739e-005	2.14473e-005
									3.28869e-005	1	0
									-2.1468e-005	0	1
									2.9489	0	0
								}
								{bone "dog_r_pelvis_bone"
									{Matrix34
										0.721184	0.582408	0.375093
										0.646357	-0.760523	-0.061871
										0.249233	0.287064	-0.92492
										-0.0671587	0.0668344	0.000102054
									}
									{bone "dog_r_leg_back_bone"
										{Matrix34
											0.161011	-0.98612	-0.0405159
											0.981146	0.155483	0.114797
											-0.106904	-0.0582357	0.992562
											2.91942	0	0
										}
										{bone "dog_r_thigh_back_bone"
											{Matrix34
												0.371318	0.846571	0.381367
												0.926317	-0.365941	-0.0895821
												0.0637201	0.386531	-0.920073
												3.80416	0	0
											}
											{bone "dog_r_calf_back_bone"
												{Matrix34
													0.730788	0.675992	-0.0947829
													-0.590269	0.556076	-0.585117
													-0.342828	0.483544	0.805391
													4.37674	0	0
												}
												{bone "dog_r_foot_back_bone"
													{Matrix34
														0.251371	0.853794	0.455904
														0.35987	-0.519704	0.774856
														0.898502	-0.0307102	-0.437893
														2.64054	0	0
													}
													{bone "dog_r_toe_back_bone"
														{Matrix34
															0.995097	0.0903824	-0.0401639
															-0.0879517	0.994396	0.0586646
															0.045241	-0.0548446	0.99747
															1.58949	0	0
														}
													}
												}
											}
										}
									}
								}
								{bone "dog_l_pelvis_bone"
									{Matrix34
										0.721491	0.582422	-0.374481
										-0.646188	0.760661	-0.0619334
										0.248782	0.28667	0.925164
										-0.0671577	0.0668335	0.000102054
									}
									{bone "dog_l_leg_back_bone"
										{Matrix34
											0.160941	0.986112	-0.0410069
											-0.981166	0.15536	-0.114791
											-0.106826	0.0587091	0.992543
											2.91942	0	0
										}
										{bone "dog_l_thigh_back_bone"
											{Matrix34
												0.370992	-0.846784	0.38121
												-0.92638	-0.366067	0.0884039
												0.064689	-0.385942	-0.920252
												3.80308	0	0
											}
											{bone "dog_l_calf_back_bone"
												{Matrix34
													0.730196	-0.676719	-0.0941557
													0.59052	0.555771	0.585153
													-0.343655	-0.482878	0.805438
													4.37658	0	0
												}
												{bone "dog_l_foot_back_bone"
													{Matrix34
														0.251819	-0.853298	0.456585
														-0.359613	-0.520512	-0.774433
														0.898479	0.0308225	-0.437932
														2.64271	0	0
													}
													{bone "dog_l_toe_back_bone"
														{Matrix34
															0.995232	-0.0889337	-0.0400388
															0.0865102	0.994523	-0.0586553
															0.0450365	0.0549123	0.997475
															1.59247	0	0
														}
													}
												}
											}
										}
									}
								}
								{bone "dog_tail02_bone"
									{Matrix34
										0.581804	0.813329	-0.000166588
										-0.000129656	-0.000112372	-1
										-0.813329	0.581804	4.00152e-005
										2.40042	0.602762	0.00123404
									}
									{bone "dog_tail03_bone"
										{Matrix34
											0.728025	0.0846004	0.68031
											-0.0617165	0.996415	-0.0578647
											-0.682766	0.000141059	0.730637
											1.41983	0	0
										}
										{bone "dog_tail04_bone"
											{Matrix34
												0.915572	-0.0930804	-0.391234
												0.086218	0.995657	-0.0351125
												0.392804	-0.00158311	0.919621
												1.70869	0	0
											}
											{bone "dog_tail05_bone"
												{Matrix34
													0.930863	0.0381999	-0.363365
													-0.0348892	0.999268	0.0156732
													0.363698	-0.00191187	0.931515
													2.3133	0	0
												}
												{bone "dog_tail06_bone"
													{Matrix34
														0.999999	-0.000801636	-0.00102538
														0.000801317	1	0
														0.0010252	0	1
														2.03494	0	0
													}
												}
											}
										}
									}
								}
							}
						}
					}
				}
				{bone "dog_r_shoulder_bone"
					{Matrix34
						-0.451301	0.659724	0.600909
						-0.867353	-0.482622	-0.121549
						0.209823	-0.576056	0.790022
						0.479999	0.0222521	0.000917202
					}
					{bone "dog_r_leg_front_bone"
						{Matrix34
							0.296669	-0.890573	-0.344773
							0.797378	0.429675	-0.423754
							0.525524	-0.149199	0.837594
							2.9794	-4.86374e-005	0
						}
						{bone "dog_r_thigh_front_bone"
							{Matrix34
								0.721299	0.686647	-0.0907992
								-0.675943	0.72645	0.123985
								0.151095	-0.0280551	0.988121
								2.61889	-0.000378132	-1.0252e-005
							}
							{bone "dog_r_calf_front_bone"
								{Matrix34
									0.990494	-0.135535	0.0235007
									-0.136214	-0.990219	0.0302076
									0.0191765	-0.0331218	-0.999267
									4.42476	-7.05719e-005	4.56572e-005
								}
								{bone "dog_r_foot_front_bone"
									{Matrix34
										0.27848	-0.952139	0.126019
										0.932336	0.299503	0.202601
										-0.230648	0.0610719	0.971119
										2.04274	-8.34465e-005	3.27826e-005
									}
									{bone "dog_r_toe_front_bone"
										{Matrix34
											0.993604	-0.0366302	-0.106817
											0.0462511	0.994954	0.089035
											0.103017	-0.0934059	0.990284
											1.2486	0	0
										}
									}
								}
							}
						}
					}
				}
				{bone "dog_l_shoulder_bone"
					{Matrix34
						-0.447631	0.663627	-0.599354
						0.8697	0.478969	-0.11921
						0.207961	-0.57462	-0.791558
						0.474017	0.00335217	0.00091863
					}
					{bone "dog_l_leg_front_bone"
						{Matrix34
							0.301437	0.888765	-0.345301
							-0.797013	0.433645	0.420384
							0.52336	0.148491	0.839074
							2.99044	4.86374e-005	0
						}
						{bone "dog_l_thigh_front_bone"
							{Matrix34
								0.721655	-0.686208	-0.0912858
								0.675653	0.726904	-0.122901
								0.150692	0.0270149	0.988212
								2.61886	0.000379562	-1.04904e-005
							}
							{bone "dog_l_calf_front_bone"
								{Matrix34
									0.990491	0.135562	0.0234793
									0.13041	-0.979474	0.153703
									0.0438333	-0.14918	-0.987838
									4.42464	7.43866e-005	4.48823e-005
								}
								{bone "dog_l_foot_front_bone"
									{Matrix34
										0.277747	0.913873	0.29613
										-0.919879	0.341863	-0.19223
										-0.276909	-0.219012	0.935604
										2.04274	8.39233e-005	3.41982e-005
									}
									{bone "dog_l_toe_front_bone"
										{Matrix34
											0.993604	0.0366287	-0.106816
											-0.0462501	0.994954	-0.0890346
											0.103016	0.093406	0.990285
											1.24858	0	0
										}
									}
								}
							}
						}
					}
				}
			}
			{bone "dog_neck01_bone"
				{Matrix34
					0.971313	0	-0.237805
					0.237805	-2.0288e-005	0.971313
					0	-1	-1.94954e-005
					12.1389	-6.84167e-005	-4.59106
				}
				{bone "dog_neck02_bone"
					{Matrix34
						0.981878	-0.189514	0
						0.189515	0.981878	0
						0	0	1
						1.86721	0	0
					}
					{bone "dog_neck03_bone"
						{Matrix34
							0.817347	-0.576145	-2.67822e-005
							0.576145	0.817348	0
							2.46328e-005	-1.05888e-005	1
							1.70014	0	0
						}
						{bone "dog_head01_bone"
							{Matrix34
								-0.46733	-0.884083	1.97491e-005
								0.884082	-0.467331	3.57717e-005
								-2.29437e-005	3.53064e-005	1
								0.919136	0	0
							}
							{bone "dog_head02_bone"
								{Matrix34
									0.993396	0.114734	0
									-0.114733	0.993396	0
									0	0	1
									1.37063	0.0156717	0
								}
								{bone "dog_tongue01_bone"
									{Matrix34
										0.446786	0.894641	-1.2869e-005
										-0.894641	0.446786	2.87357e-005
										3.08777e-005	0	1
										0.786304	0.457727	-2.53418e-005
									}
									{bone "dog_tongue02_bone"
										{Matrix34
											0.999641	0.0267896	0
											-0.0267895	0.999641	0
											0	0	1
											1.8801	0.211956	0
										}
									}
								}
							}
							{bone "dog_r_ear01_bone"
								{Matrix34
									-0.959976	0.147351	0.238191
									-0.225181	-0.911755	-0.343505
									0.166555	-0.383393	0.908443
									-0.257821	-0.321296	0.915656
								}
								{bone "dog_r_ear02_bone"
									{Matrix34
										0.99551	-0.0334778	0.088537
										0.0334777	0.999438	0.00148545
										-0.088536	0.00148608	0.996072
										1.70384	0	0
									}
								}
							}
							{bone "dog_l_ear01_bone"
								{Matrix34
									-0.959991	0.147351	-0.238126
									0.225156	0.911759	-0.343513
									0.166496	-0.383384	-0.908458
									-0.257863	-0.321294	-0.913627
								}
								{bone "dog_l_ear02_bone"
									{Matrix34
										0.99551	0.033477	0.088539
										-0.0334776	0.999438	-0.00147949
										-0.0885386	-0.00149113	0.996072
										1.70384	0	0
									}
								}
							}
						}
					}
				}
			}
		}
		{bone "dog"
			{Matrix34
				0	1	0
				-1	0	0
				0	0	1
				0.162007	0	0
			}
			{LODView
				{VolumeView "dog.ply"}
				{VolumeView "dog_lod1.ply"}
				{VolumeView "dog_lod2.ply"}
			}
		}
	}
}
{Volume "body1"
	{Box 12.8129 4.91275 4.90864}
	{Bone "dog_contrl_body"}
	{Matrix34
		0.998543	0	0.053957
		-0.053957	0	0.998543
		0	-1	0
		-0.781084	0.102436	9.59913
	}
}
{Volume "body2"
	{Box 6.08612 3.0459 2.20889}
	{Bone "dog_contrl_neck"}
	{Matrix34
		0.538977	0	0.842321
		-0.842321	0	0.538977
		0	-1	0
		0.45324	0.0309719	0.418922
	}
}
{Volume "body3"
	{Box 4.8689 2.0103 1.5904}
	{Bone "dog_contrl_head"}
	{Matrix34
		0.846504	0	-0.532383
		0.532383	0	0.846504
		0	-1	0
		0.636488	-0.0735062	-1.27162
	}
}
